      1  -0.23232E-06
      2  -0.18970E-06
      3  -0.14121E-06
      4  -0.87985E-07
      5  -0.49045E-07
      6   0.87586E-08
      7   0.17887E+00
      8   0.33423E+00
      9   0.34575E+00
     10   0.79104E+00
     11   0.94180E+00
     12   0.10118E+01
     13   0.11879E+01
     14   0.13035E+01
     15   0.14694E+01
     16   0.15456E+01
     17   0.16078E+01
     18   0.18111E+01
     19   0.19248E+01
     20   0.19829E+01
     21   0.21395E+01
     22   0.22980E+01
     23   0.23303E+01
     24   0.23640E+01
     25   0.26899E+01
     26   0.27937E+01
     27   0.28926E+01
     28   0.29907E+01
     29   0.30897E+01
     30   0.31201E+01
     31   0.31744E+01
     32   0.32027E+01
     33   0.33026E+01
     34   0.33931E+01
     35   0.34231E+01
     36   0.34838E+01
