        3316
       1       1       5.00
       1       2      -1.00
       1       3      -1.00
       1       4      -1.00
       1      91      -1.00
       1     343      -1.00
       2       2      10.00
       2       3      -1.00
       2       4      -1.00
       2       5      -1.00
       2      18      -1.00
       2      87      -1.00
       2      88      -1.00
       2      89      -1.00
       2      91      -1.00
       2     343      -1.00
       3       3      11.00
       3       4      -1.00
       3       5      -1.00
       3       6      -1.00
       3      17      -1.00
       3      18      -1.00
       3      19      -1.00
       3      20      -1.00
       3      87      -1.00
       3      89      -1.00
       4       4      11.00
       4       5      -1.00
       4       6      -1.00
       4      16      -1.00
       4      17      -1.00
       4      18      -1.00
       4      19      -1.00
       4      20      -1.00
       4      89      -1.00
       5       5      14.00
       5       6      -1.00
       5       7      -1.00
       5      15      -1.00
       5      16      -1.00
       5      17      -1.00
       5      18      -1.00
       5      19      -1.00
       5      20      -1.00
       5      21      -1.00
       5      88      -1.00
       5      89      -1.00
       6       6      13.00
       6       7      -1.00
       6       8      -1.00
       6      15      -1.00
       6      16      -1.00
       6      17      -1.00
       6      18      -1.00
       6      19      -1.00
       6      20      -1.00
       6      21      -1.00
       6      89      -1.00
       7       7      12.00
       7       8      -1.00
       7       9      -1.00
       7      10      -1.00
       7      14      -1.00
       7      15      -1.00
       7      16      -1.00
       7      17      -1.00
       7      18      -1.00
       7      19      -1.00
       7      89      -1.00
       8       8      11.00
       8       9      -1.00
       8      10      -1.00
       8      12      -1.00
       8      13      -1.00
       8      14      -1.00
       8      15      -1.00
       8      16      -1.00
       8      17      -1.00
       8      24      -1.00
       9       9       9.00
       9      10      -1.00
       9      11      -1.00
       9      12      -1.00
       9      13      -1.00
       9      14      -1.00
       9      15      -1.00
       9      16      -1.00
      10      10      12.00
      10      11      -1.00
      10      12      -1.00
      10      13      -1.00
      10      14      -1.00
      10      15      -1.00
      10      24      -1.00
      10      25      -1.00
      10      26      -1.00
      10      36      -1.00
      11      11      10.00
      11      12      -1.00
      11      13      -1.00
      11      14      -1.00
      11      25      -1.00
      11      26      -1.00
      11      28      -1.00
      11      29      -1.00
      11      34      -1.00
      12      12       7.00
      12      13      -1.00
      12      14      -1.00
      12      15      -1.00
      13      13      13.00
      13      14      -1.00
      13      15      -1.00
      13      16      -1.00
      13      26      -1.00
      13      29      -1.00
      13      34      -1.00
      13      51      -1.00
      13      53      -1.00
      14      14      11.00
      14      15      -1.00
      14      16      -1.00
      14      17      -1.00
      14      51      -1.00
      15      15      21.00
      15      16      -1.00
      15      17      -1.00
      15      18      -1.00
      15      24      -1.00
      15      34      -1.00
      15      36      -1.00
      15      49      -1.00
      15      50      -1.00
      15      51      -1.00
      15      89      -1.00
      15      98      -1.00
      15     100      -1.00
      16      16      19.00
      16      17      -1.00
      16      18      -1.00
      16      19      -1.00
      16      51      -1.00
      16      87      -1.00
      16      88      -1.00
      16      89      -1.00
      16      90      -1.00
      16      98      -1.00
      16     100      -1.00
      17      17      21.00
      17      18      -1.00
      17      19      -1.00
      17      20      -1.00
      17      21      -1.00
      17      22      -1.00
      17      24      -1.00
      17      49      -1.00
      17      51      -1.00
      17      87      -1.00
      17      88      -1.00
      17      89      -1.00
      17     100      -1.00
      18      18      17.00
      18      19      -1.00
      18      20      -1.00
      18      21      -1.00
      18      22      -1.00
      18      40      -1.00
      18      87      -1.00
      18      88      -1.00
      18      89      -1.00
      19      19      14.00
      19      20      -1.00
      19      21      -1.00
      19      22      -1.00
      19      40      -1.00
      19      41      -1.00
      19      42      -1.00
      20      20      16.00
      20      21      -1.00
      20      22      -1.00
      20      38      -1.00
      20      39      -1.00
      20      40      -1.00
      20      41      -1.00
      20      42      -1.00
      20      43      -1.00
      20      44      -1.00
      21      21      22.00
      21      22      -1.00
      21      23      -1.00
      21      24      -1.00
      21      37      -1.00
      21      38      -1.00
      21      39      -1.00
      21      40      -1.00
      21      41      -1.00
      21      42      -1.00
      21      43      -1.00
      21      44      -1.00
      21      46      -1.00
      21      47      -1.00
      21      48      -1.00
      21      49      -1.00
      21     102      -1.00
      22      22      15.00
      22      23      -1.00
      22      24      -1.00
      22      25      -1.00
      22      37      -1.00
      22      38      -1.00
      22      39      -1.00
      22      40      -1.00
      22      41      -1.00
      22      46      -1.00
      22      47      -1.00
      23      23      10.00
      23      24      -1.00
      23      25      -1.00
      23      36      -1.00
      23      37      -1.00
      23      38      -1.00
      23      39      -1.00
      23      40      -1.00
      23      46      -1.00
      24      24      19.00
      24      25      -1.00
      24      26      -1.00
      24      27      -1.00
      24      35      -1.00
      24      36      -1.00
      24      37      -1.00
      24      38      -1.00
      24      39      -1.00
      24      40      -1.00
      24      47      -1.00
      24      48      -1.00
      24      49      -1.00
      25      25      15.00
      25      26      -1.00
      25      27      -1.00
      25      28      -1.00
      25      35      -1.00
      25      36      -1.00
      25      37      -1.00
      25      38      -1.00
      25      39      -1.00
      25      48      -1.00
      25      49      -1.00
      26      26      15.00
      26      27      -1.00
      26      28      -1.00
      26      29      -1.00
      26      34      -1.00
      26      35      -1.00
      26      36      -1.00
      26      37      -1.00
      26      38      -1.00
      26      48      -1.00
      26      49      -1.00
      27      27      13.00
      27      28      -1.00
      27      29      -1.00
      27      34      -1.00
      27      35      -1.00
      27      36      -1.00
      27      37      -1.00
      27      38      -1.00
      27      48      -1.00
      27      49      -1.00
      27      50      -1.00
      28      28      12.00
      28      29      -1.00
      28      30      -1.00
      28      33      -1.00
      28      34      -1.00
      28      35      -1.00
      28      36      -1.00
      28      37      -1.00
      28      50      -1.00
      29      29      15.00
      29      30      -1.00
      29      31      -1.00
      29      32      -1.00
      29      33      -1.00
      29      34      -1.00
      29      35      -1.00
      29      36      -1.00
      29      50      -1.00
      29      51      -1.00
      29      53      -1.00
      30      30       9.00
      30      31      -1.00
      30      32      -1.00
      30      33      -1.00
      30      34      -1.00
      30      35      -1.00
      30      52      -1.00
      30      53      -1.00
      31      31       8.00
      31      32      -1.00
      31      33      -1.00
      31      34      -1.00
      31      52      -1.00
      31      53      -1.00
      31      54      -1.00
      32      32      12.00
      32      33      -1.00
      32      34      -1.00
      32      35      -1.00
      32      50      -1.00
      32      51      -1.00
      32      52      -1.00
      32      53      -1.00
      32      54      -1.00
      32      55      -1.00
      33      33      15.00
      33      34      -1.00
      33      35      -1.00
      33      49      -1.00
      33      50      -1.00
      33      51      -1.00
      33      52      -1.00
      33      53      -1.00
      33      54      -1.00
      33      55      -1.00
      33     100      -1.00
      34      34      19.00
      34      35      -1.00
      34      36      -1.00
      34      49      -1.00
      34      50      -1.00
      34      51      -1.00
      34      52      -1.00
      34      53      -1.00
      34     100      -1.00
      35      35      22.00
      35      36      -1.00
      35      37      -1.00
      35      38      -1.00
      35      47      -1.00
      35      48      -1.00
      35      49      -1.00
      35      50      -1.00
      35      51      -1.00
      35      52      -1.00
      35     100      -1.00
      35     101      -1.00
      35     102      -1.00
      36      36      21.00
      36      37      -1.00
      36      38      -1.00
      36      39      -1.00
      36      47      -1.00
      36      48      -1.00
      36      49      -1.00
      36      50      -1.00
      36      51      -1.00
      36     102      -1.00
      36     105      -1.00
      37      37      23.00
      37      38      -1.00
      37      39      -1.00
      37      40      -1.00
      37      46      -1.00
      37      47      -1.00
      37      48      -1.00
      37      49      -1.00
      37      50      -1.00
      37     102      -1.00
      37     103      -1.00
      37     104      -1.00
      37     105      -1.00
      37     106      -1.00
      38      38      22.00
      38      39      -1.00
      38      40      -1.00
      38      41      -1.00
      38      45      -1.00
      38      46      -1.00
      38      47      -1.00
      38      48      -1.00
      38      49      -1.00
      38     102      -1.00
      38     104      -1.00
      38     105      -1.00
      39      39      20.00
      39      40      -1.00
      39      41      -1.00
      39      42      -1.00
      39      43      -1.00
      39      44      -1.00
      39      45      -1.00
      39      46      -1.00
      39      47      -1.00
      39      48      -1.00
      39      49      -1.00
      39     105      -1.00
      40      40      22.00
      40      41      -1.00
      40      42      -1.00
      40      43      -1.00
      40      44      -1.00
      40      45      -1.00
      40      46      -1.00
      40      47      -1.00
      40      48      -1.00
      40      49      -1.00
      40      84      -1.00
      40     102      -1.00
      40     104      -1.00
      41      41      12.00
      41      42      -1.00
      41      43      -1.00
      41      44      -1.00
      41      45      -1.00
      41      46      -1.00
      42      42       9.00
      42      43      -1.00
      42      44      -1.00
      42      45      -1.00
      43      43      14.00
      43      44      -1.00
      43      45      -1.00
      43      46      -1.00
      43      47      -1.00
      43      84      -1.00
      43     348      -1.00
      43     349      -1.00
      43     350      -1.00
      44      44      10.00
      44      45      -1.00
      44      46      -1.00
      44      47      -1.00
      45      45      14.00
      45      46      -1.00
      45      47      -1.00
      45      48      -1.00
      45      84      -1.00
      45     103      -1.00
      45     104      -1.00
      45     105      -1.00
      46      46      18.00
      46      47      -1.00
      46      48      -1.00
      46      49      -1.00
      46     103      -1.00
      46     104      -1.00
      46     105      -1.00
      46     106      -1.00
      47      47      22.00
      47      48      -1.00
      47      49      -1.00
      47      50      -1.00
      47      84      -1.00
      47     102      -1.00
      47     103      -1.00
      47     104      -1.00
      47     105      -1.00
      47     106      -1.00
      48      48      25.00
      48      49      -1.00
      48      50      -1.00
      48      51      -1.00
      48      84      -1.00
      48     100      -1.00
      48     101      -1.00
      48     102      -1.00
      48     103      -1.00
      48     104      -1.00
      48     105      -1.00
      48     106      -1.00
      49      49      30.00
      49      50      -1.00
      49      51      -1.00
      49      52      -1.00
      49      84      -1.00
      49      85      -1.00
      49      86      -1.00
      49     100      -1.00
      49     101      -1.00
      49     102      -1.00
      49     103      -1.00
      49     104      -1.00
      49     105      -1.00
      50      50      22.00
      50      51      -1.00
      50      52      -1.00
      50      53      -1.00
      50      86      -1.00
      50      99      -1.00
      50     100      -1.00
      50     101      -1.00
      50     102      -1.00
      50     103      -1.00
      51      51      26.00
      51      52      -1.00
      51      53      -1.00
      51      54      -1.00
      51      55      -1.00
      51      86      -1.00
      51      87      -1.00
      51      88      -1.00
      51      98      -1.00
      51      99      -1.00
      51     100      -1.00
      51     101      -1.00
      51     102      -1.00
      52      52      19.00
      52      53      -1.00
      52      54      -1.00
      52      55      -1.00
      52      56      -1.00
      52      65      -1.00
      52      97      -1.00
      52      98      -1.00
      52      99      -1.00
      52     100      -1.00
      52     101      -1.00
      53      53      18.00
      53      54      -1.00
      53      55      -1.00
      53      56      -1.00
      53      57      -1.00
      53      97      -1.00
      53      98      -1.00
      53      99      -1.00
      53     100      -1.00
      54      54      16.00
      54      55      -1.00
      54      56      -1.00
      54      57      -1.00
      54      58      -1.00
      54      61      -1.00
      54      62      -1.00
      54      65      -1.00
      54      97      -1.00
      54      98      -1.00
      54      99      -1.00
      55      55      22.00
      55      56      -1.00
      55      57      -1.00
      55      58      -1.00
      55      59      -1.00
      55      60      -1.00
      55      61      -1.00
      55      62      -1.00
      55      63      -1.00
      55      64      -1.00
      55      65      -1.00
      55      66      -1.00
      55      97      -1.00
      55      98      -1.00
      55      99      -1.00
      55     335      -1.00
      55     338      -1.00
      56      56      23.00
      56      57      -1.00
      56      58      -1.00
      56      59      -1.00
      56      60      -1.00
      56      61      -1.00
      56      62      -1.00
      56      63      -1.00
      56      64      -1.00
      56      65      -1.00
      56      66      -1.00
      56      96      -1.00
      56      97      -1.00
      56      98      -1.00
      56      99      -1.00
      56     331      -1.00
      56     332      -1.00
      56     334      -1.00
      56     335      -1.00
      56     338      -1.00
      57      57      10.00
      57      58      -1.00
      57      59      -1.00
      57      60      -1.00
      57      61      -1.00
      57      62      -1.00
      57     331      -1.00
      58      58      14.00
      58      59      -1.00
      58      60      -1.00
      58      61      -1.00
      58      62      -1.00
      58      63      -1.00
      58      64      -1.00
      58     330      -1.00
      58     331      -1.00
      58     332      -1.00
      58     334      -1.00
      59      59      18.00
      59      60      -1.00
      59      61      -1.00
      59      62      -1.00
      59      63      -1.00
      59      64      -1.00
      59      65      -1.00
      59     328      -1.00
      59     329      -1.00
      59     330      -1.00
      59     331      -1.00
      59     332      -1.00
      59     333      -1.00
      59     334      -1.00
      59     335      -1.00
      60      60      15.00
      60      61      -1.00
      60      62      -1.00
      60      63      -1.00
      60      64      -1.00
      60      65      -1.00
      60      66      -1.00
      60     169      -1.00
      60     330      -1.00
      60     331      -1.00
      60     334      -1.00
      61      61      17.00
      61      62      -1.00
      61      63      -1.00
      61      64      -1.00
      61      65      -1.00
      61      66      -1.00
      61      67      -1.00
      61     169      -1.00
      61     331      -1.00
      61     334      -1.00
      61     335      -1.00
      62      62      23.00
      62      63      -1.00
      62      64      -1.00
      62      65      -1.00
      62      66      -1.00
      62      67      -1.00
      62     329      -1.00
      62     330      -1.00
      62     331      -1.00
      62     332      -1.00
      62     333      -1.00
      62     334      -1.00
      62     335      -1.00
      62     336      -1.00
      62     337      -1.00
      62     338      -1.00
      63      63      26.00
      63      64      -1.00
      63      65      -1.00
      63      66      -1.00
      63      67      -1.00
      63      68      -1.00
      63      69      -1.00
      63     169      -1.00
      63     324      -1.00
      63     325      -1.00
      63     327      -1.00
      63     328      -1.00
      63     329      -1.00
      63     330      -1.00
      63     331      -1.00
      63     333      -1.00
      63     334      -1.00
      63     335      -1.00
      63     337      -1.00
      63     338      -1.00
      64      64      19.00
      64      65      -1.00
      64      66      -1.00
      64      67      -1.00
      64      68      -1.00
      64      69      -1.00
      64      70      -1.00
      64     168      -1.00
      64     169      -1.00
      64     170      -1.00
      64     325      -1.00
      64     334      -1.00
      65      65      20.00
      65      66      -1.00
      65      67      -1.00
      65      68      -1.00
      65      69      -1.00
      65      70      -1.00
      65      99      -1.00
      65     169      -1.00
      65     334      -1.00
      65     335      -1.00
      65     338      -1.00
      66      66      24.00
      66      67      -1.00
      66      68      -1.00
      66      69      -1.00
      66      70      -1.00
      66      71      -1.00
      66      72      -1.00
      66     169      -1.00
      66     324      -1.00
      66     334      -1.00
      66     335      -1.00
      66     336      -1.00
      66     337      -1.00
      66     338      -1.00
      66     339      -1.00
      66     341      -1.00
      66     342      -1.00
      67      67      19.00
      67      68      -1.00
      67      69      -1.00
      67      70      -1.00
      67      71      -1.00
      67      72      -1.00
      67      73      -1.00
      67     168      -1.00
      67     169      -1.00
      67     322      -1.00
      67     324      -1.00
      67     325      -1.00
      67     334      -1.00
      67     338      -1.00
      68      68      17.00
      68      69      -1.00
      68      70      -1.00
      68      71      -1.00
      68      72      -1.00
      68      73      -1.00
      68      74      -1.00
      68     165      -1.00
      68     166      -1.00
      68     167      -1.00
      68     168      -1.00
      68     169      -1.00
      68     338      -1.00
      69      69      19.00
      69      70      -1.00
      69      71      -1.00
      69      72      -1.00
      69      73      -1.00
      69      74      -1.00
      69      83      -1.00
      69      86      -1.00
      69      99      -1.00
      69     101      -1.00
      69     338      -1.00
      69     341      -1.00
      69     342      -1.00
      69     345      -1.00
      70      70      17.00
      70      71      -1.00
      70      72      -1.00
      70      73      -1.00
      70      74      -1.00
      70      75      -1.00
      70     320      -1.00
      70     321      -1.00
      70     322      -1.00
      70     338      -1.00
      70     341      -1.00
      70     342      -1.00
      71      71      16.00
      71      72      -1.00
      71      73      -1.00
      71      74      -1.00
      71      75      -1.00
      71      82      -1.00
      71      83      -1.00
      71     143      -1.00
      71     166      -1.00
      71     168      -1.00
      71     320      -1.00
      71     322      -1.00
      72      72      20.00
      72      73      -1.00
      72      74      -1.00
      72      75      -1.00
      72      76      -1.00
      72      80      -1.00
      72      81      -1.00
      72      82      -1.00
      72      83      -1.00
      72      84      -1.00
      72      85      -1.00
      72      86      -1.00
      72     101      -1.00
      72     103      -1.00
      72     166      -1.00
      73      73      20.00
      73      74      -1.00
      73      75      -1.00
      73      76      -1.00
      73      81      -1.00
      73      82      -1.00
      73      83      -1.00
      73      84      -1.00
      73      85      -1.00
      73      86      -1.00
      73     341      -1.00
      73     342      -1.00
      73     345      -1.00
      73     346      -1.00
      73     347      -1.00
      74      74      18.00
      74      75      -1.00
      74      76      -1.00
      74      77      -1.00
      74      82      -1.00
      74      83      -1.00
      74     138      -1.00
      74     141      -1.00
      74     317      -1.00
      74     318      -1.00
      74     319      -1.00
      74     320      -1.00
      74     321      -1.00
      75      75      20.00
      75      76      -1.00
      75      77      -1.00
      75      78      -1.00
      75      79      -1.00
      75      80      -1.00
      75      81      -1.00
      75      82      -1.00
      75      83      -1.00
      75     134      -1.00
      75     137      -1.00
      75     138      -1.00
      75     141      -1.00
      75     317      -1.00
      75     318      -1.00
      75     320      -1.00
      76      76      19.00
      76      77      -1.00
      76      78      -1.00
      76      79      -1.00
      76      80      -1.00
      76      81      -1.00
      76      82      -1.00
      76      83      -1.00
      76     134      -1.00
      76     137      -1.00
      76     138      -1.00
      76     315      -1.00
      76     316      -1.00
      76     317      -1.00
      76     318      -1.00
      76     348      -1.00
      77      77      18.00
      77      78      -1.00
      77      79      -1.00
      77      80      -1.00
      77      81      -1.00
      77      82      -1.00
      77     133      -1.00
      77     134      -1.00
      77     137      -1.00
      77     138      -1.00
      77     162      -1.00
      77     163      -1.00
      77     314      -1.00
      77     315      -1.00
      77     316      -1.00
      77     317      -1.00
      78      78      16.00
      78      79      -1.00
      78      80      -1.00
      78      81      -1.00
      78      82      -1.00
      78     130      -1.00
      78     133      -1.00
      78     134      -1.00
      78     160      -1.00
      78     161      -1.00
      78     162      -1.00
      78     163      -1.00
      78     314      -1.00
      78     315      -1.00
      79      79      23.00
      79      80      -1.00
      79      81      -1.00
      79      82      -1.00
      79     130      -1.00
      79     131      -1.00
      79     132      -1.00
      79     133      -1.00
      79     134      -1.00
      79     135      -1.00
      79     137      -1.00
      79     138      -1.00
      79     153      -1.00
      79     154      -1.00
      79     155      -1.00
      79     160      -1.00
      79     161      -1.00
      79     162      -1.00
      79     163      -1.00
      79     164      -1.00
      80      80      23.00
      80      81      -1.00
      80      82      -1.00
      80     130      -1.00
      80     131      -1.00
      80     133      -1.00
      80     134      -1.00
      80     135      -1.00
      80     137      -1.00
      80     138      -1.00
      80     153      -1.00
      80     154      -1.00
      80     161      -1.00
      80     162      -1.00
      80     163      -1.00
      80     164      -1.00
      80     165      -1.00
      80     166      -1.00
      81      81      23.00
      81      82      -1.00
      81      83      -1.00
      81      84      -1.00
      81     103      -1.00
      81     104      -1.00
      81     106      -1.00
      81     134      -1.00
      81     153      -1.00
      81     154      -1.00
      81     161      -1.00
      81     162      -1.00
      81     163      -1.00
      81     164      -1.00
      81     165      -1.00
      81     166      -1.00
      82      82      21.00
      82      83      -1.00
      82      84      -1.00
      82      85      -1.00
      82     102      -1.00
      82     103      -1.00
      82     104      -1.00
      82     162      -1.00
      82     163      -1.00
      82     164      -1.00
      82     348      -1.00
      83      83      20.00
      83      84      -1.00
      83      85      -1.00
      83      86      -1.00
      83     101      -1.00
      83     102      -1.00
      83     103      -1.00
      83     104      -1.00
      83     345      -1.00
      83     346      -1.00
      83     347      -1.00
      83     348      -1.00
      84      84      22.00
      84      85      -1.00
      84      86      -1.00
      84     101      -1.00
      84     102      -1.00
      84     103      -1.00
      84     104      -1.00
      84     345      -1.00
      84     346      -1.00
      84     347      -1.00
      84     348      -1.00
      84     349      -1.00
      85      85      18.00
      85      86      -1.00
      85      87      -1.00
      85     100      -1.00
      85     101      -1.00
      85     102      -1.00
      85     103      -1.00
      85     104      -1.00
      85     342      -1.00
      85     345      -1.00
      85     346      -1.00
      85     347      -1.00
      85     348      -1.00
      86      86      23.00
      86      87      -1.00
      86      88      -1.00
      86      99      -1.00
      86     100      -1.00
      86     101      -1.00
      86     102      -1.00
      86     103      -1.00
      86     341      -1.00
      86     342      -1.00
      86     343      -1.00
      86     344      -1.00
      86     345      -1.00
      86     346      -1.00
      86     347      -1.00
      87      87      21.00
      87      88      -1.00
      87      89      -1.00
      87      90      -1.00
      87      98      -1.00
      87      99      -1.00
      87     100      -1.00
      87     101      -1.00
      87     102      -1.00
      87     339      -1.00
      87     341      -1.00
      87     342      -1.00
      87     343      -1.00
      87     345      -1.00
      88      88      22.00
      88      89      -1.00
      88      90      -1.00
      88      91      -1.00
      88      92      -1.00
      88      95      -1.00
      88      96      -1.00
      88      97      -1.00
      88      98      -1.00
      88      99      -1.00
      88     100      -1.00
      88     101      -1.00
      88     339      -1.00
      88     342      -1.00
      88     343      -1.00
      89      89      21.00
      89      90      -1.00
      89      91      -1.00
      89      92      -1.00
      89      95      -1.00
      89      96      -1.00
      89      97      -1.00
      89      98      -1.00
      89      99      -1.00
      89     100      -1.00
      90      90      14.00
      90      91      -1.00
      90      92      -1.00
      90      93      -1.00
      90      94      -1.00
      90      95      -1.00
      90      96      -1.00
      90      97      -1.00
      90      98      -1.00
      90      99      -1.00
      90     339      -1.00
      91      91      10.00
      91      92      -1.00
      91      93      -1.00
      91      94      -1.00
      91      95      -1.00
      91      96      -1.00
      92      92      11.00
      92      93      -1.00
      92      94      -1.00
      92      95      -1.00
      92      96      -1.00
      92      97      -1.00
      92     339      -1.00
      92     343      -1.00
      93      93      14.00
      93      94      -1.00
      93      95      -1.00
      93      96      -1.00
      93      97      -1.00
      93     332      -1.00
      93     335      -1.00
      93     336      -1.00
      93     338      -1.00
      93     339      -1.00
      93     340      -1.00
      93     343      -1.00
      94      94       8.00
      94      95      -1.00
      94      96      -1.00
      94      97      -1.00
      94     336      -1.00
      95      95      10.00
      95      96      -1.00
      95      97      -1.00
      95      98      -1.00
      96      96      16.00
      96      97      -1.00
      96      98      -1.00
      96      99      -1.00
      96     335      -1.00
      96     336      -1.00
      96     338      -1.00
      96     339      -1.00
      97      97      17.00
      97      98      -1.00
      97      99      -1.00
      97     335      -1.00
      97     339      -1.00
      98      98      18.00
      98      99      -1.00
      98     100      -1.00
      98     339      -1.00
      99      99      22.00
      99     100      -1.00
      99     101      -1.00
      99     338      -1.00
      99     339      -1.00
      99     342      -1.00
     100     100      22.00
     100     101      -1.00
     100     102      -1.00
     100     342      -1.00
     101     101      19.00
     101     102      -1.00
     101     103      -1.00
     101     342      -1.00
     102     102      22.00
     102     103      -1.00
     102     104      -1.00
     102     105      -1.00
     103     103      19.00
     103     104      -1.00
     103     105      -1.00
     103     106      -1.00
     104     104      18.00
     104     105      -1.00
     104     106      -1.00
     104     107      -1.00
     105     105      16.00
     105     106      -1.00
     105     107      -1.00
     105     108      -1.00
     105     154      -1.00
     106     106      17.00
     106     107      -1.00
     106     108      -1.00
     106     109      -1.00
     106     153      -1.00
     106     154      -1.00
     106     155      -1.00
     106     156      -1.00
     106     162      -1.00
     106     164      -1.00
     107     107      10.00
     107     108      -1.00
     107     109      -1.00
     107     112      -1.00
     107     154      -1.00
     107     155      -1.00
     107     156      -1.00
     107     157      -1.00
     108     108      15.00
     108     109      -1.00
     108     110      -1.00
     108     111      -1.00
     108     112      -1.00
     108     113      -1.00
     108     151      -1.00
     108     153      -1.00
     108     154      -1.00
     108     155      -1.00
     108     156      -1.00
     108     157      -1.00
     108     161      -1.00
     109     109      20.00
     109     110      -1.00
     109     111      -1.00
     109     112      -1.00
     109     113      -1.00
     109     114      -1.00
     109     149      -1.00
     109     150      -1.00
     109     151      -1.00
     109     152      -1.00
     109     153      -1.00
     109     154      -1.00
     109     155      -1.00
     109     156      -1.00
     109     161      -1.00
     109     162      -1.00
     109     163      -1.00
     109     164      -1.00
     110     110      21.00
     110     111      -1.00
     110     112      -1.00
     110     113      -1.00
     110     114      -1.00
     110     115      -1.00
     110     127      -1.00
     110     149      -1.00
     110     150      -1.00
     110     151      -1.00
     110     152      -1.00
     110     153      -1.00
     110     154      -1.00
     110     155      -1.00
     110     156      -1.00
     110     159      -1.00
     110     161      -1.00
     110     162      -1.00
     110     209      -1.00
     110     213      -1.00
     111     111      17.00
     111     112      -1.00
     111     113      -1.00
     111     114      -1.00
     111     115      -1.00
     111     116      -1.00
     111     117      -1.00
     111     149      -1.00
     111     150      -1.00
     111     151      -1.00
     111     152      -1.00
     111     153      -1.00
     111     154      -1.00
     111     155      -1.00
     111     213      -1.00
     112     112      14.00
     112     113      -1.00
     112     114      -1.00
     112     115      -1.00
     112     116      -1.00
     112     117      -1.00
     112     150      -1.00
     112     151      -1.00
     112     154      -1.00
     112     155      -1.00
     113     113      18.00
     113     114      -1.00
     113     115      -1.00
     113     116      -1.00
     113     117      -1.00
     113     118      -1.00
     113     119      -1.00
     113     150      -1.00
     113     154      -1.00
     113     155      -1.00
     113     156      -1.00
     113     157      -1.00
     113     159      -1.00
     113     213      -1.00
     114     114      18.00
     114     115      -1.00
     114     116      -1.00
     114     117      -1.00
     114     118      -1.00
     114     119      -1.00
     114     150      -1.00
     114     209      -1.00
     114     212      -1.00
     114     213      -1.00
     114     214      -1.00
     114     215      -1.00
     114     216      -1.00
     114     217      -1.00
     115     115      14.00
     115     116      -1.00
     115     117      -1.00
     115     118      -1.00
     115     119      -1.00
     115     150      -1.00
     115     212      -1.00
     115     213      -1.00
     115     216      -1.00
     115     217      -1.00
     116     116       9.00
     116     117      -1.00
     116     118      -1.00
     116     119      -1.00
     116     216      -1.00
     117     117      15.00
     117     118      -1.00
     117     119      -1.00
     117     120      -1.00
     117     212      -1.00
     117     213      -1.00
     117     214      -1.00
     117     215      -1.00
     117     216      -1.00
     117     217      -1.00
     118     118      17.00
     118     119      -1.00
     118     120      -1.00
     118     121      -1.00
     118     123      -1.00
     118     124      -1.00
     118     211      -1.00
     118     212      -1.00
     118     213      -1.00
     118     214      -1.00
     118     215      -1.00
     118     216      -1.00
     118     217      -1.00
     119     119      17.00
     119     120      -1.00
     119     121      -1.00
     119     122      -1.00
     119     123      -1.00
     119     124      -1.00
     119     125      -1.00
     119     212      -1.00
     119     213      -1.00
     119     214      -1.00
     119     215      -1.00
     119     216      -1.00
     120     120      11.00
     120     121      -1.00
     120     122      -1.00
     120     123      -1.00
     120     124      -1.00
     120     125      -1.00
     120     213      -1.00
     120     214      -1.00
     120     274      -1.00
     121     121      15.00
     121     122      -1.00
     121     123      -1.00
     121     124      -1.00
     121     125      -1.00
     121     126      -1.00
     121     127      -1.00
     121     213      -1.00
     121     214      -1.00
     121     274      -1.00
     121     275      -1.00
     121     278      -1.00
     121     304      -1.00
     122     122      11.00
     122     123      -1.00
     122     124      -1.00
     122     125      -1.00
     122     126      -1.00
     122     127      -1.00
     122     304      -1.00
     122     305      -1.00
     122     307      -1.00
     123     123      14.00
     123     124      -1.00
     123     125      -1.00
     123     126      -1.00
     123     127      -1.00
     123     128      -1.00
     123     129      -1.00
     123     159      -1.00
     123     213      -1.00
     123     214      -1.00
     124     124      22.00
     124     125      -1.00
     124     126      -1.00
     124     127      -1.00
     124     128      -1.00
     124     129      -1.00
     124     130      -1.00
     124     159      -1.00
     124     209      -1.00
     124     210      -1.00
     124     211      -1.00
     124     212      -1.00
     124     213      -1.00
     124     214      -1.00
     124     278      -1.00
     124     304      -1.00
     124     305      -1.00
     125     125      19.00
     125     126      -1.00
     125     127      -1.00
     125     128      -1.00
     125     129      -1.00
     125     130      -1.00
     125     210      -1.00
     125     213      -1.00
     125     278      -1.00
     125     304      -1.00
     125     305      -1.00
     125     306      -1.00
     125     307      -1.00
     125     308      -1.00
     126     126      17.00
     126     127      -1.00
     126     128      -1.00
     126     129      -1.00
     126     130      -1.00
     126     131      -1.00
     126     159      -1.00
     126     160      -1.00
     126     161      -1.00
     126     304      -1.00
     126     305      -1.00
     126     307      -1.00
     126     308      -1.00
     127     127      21.00
     127     128      -1.00
     127     129      -1.00
     127     130      -1.00
     127     131      -1.00
     127     132      -1.00
     127     153      -1.00
     127     155      -1.00
     127     159      -1.00
     127     160      -1.00
     127     161      -1.00
     127     162      -1.00
     127     209      -1.00
     127     210      -1.00
     127     213      -1.00
     128     128      21.00
     128     129      -1.00
     128     130      -1.00
     128     131      -1.00
     128     132      -1.00
     128     133      -1.00
     128     134      -1.00
     128     161      -1.00
     128     206      -1.00
     128     207      -1.00
     128     209      -1.00
     128     210      -1.00
     128     213      -1.00
     128     299      -1.00
     128     300      -1.00
     128     304      -1.00
     128     305      -1.00
     129     129      24.00
     129     130      -1.00
     129     131      -1.00
     129     132      -1.00
     129     133      -1.00
     129     134      -1.00
     129     135      -1.00
     129     161      -1.00
     129     296      -1.00
     129     299      -1.00
     129     300      -1.00
     129     301      -1.00
     129     302      -1.00
     129     304      -1.00
     129     305      -1.00
     129     306      -1.00
     129     307      -1.00
     129     308      -1.00
     129     309      -1.00
     130     130      23.00
     130     131      -1.00
     130     132      -1.00
     130     133      -1.00
     130     134      -1.00
     130     135      -1.00
     130     136      -1.00
     130     159      -1.00
     130     160      -1.00
     130     161      -1.00
     130     162      -1.00
     130     163      -1.00
     130     300      -1.00
     130     308      -1.00
     130     314      -1.00
     131     131      22.00
     131     132      -1.00
     131     133      -1.00
     131     134      -1.00
     131     135      -1.00
     131     136      -1.00
     131     148      -1.00
     131     153      -1.00
     131     161      -1.00
     131     162      -1.00
     131     163      -1.00
     131     203      -1.00
     131     206      -1.00
     131     209      -1.00
     131     296      -1.00
     131     300      -1.00
     132     132      24.00
     132     133      -1.00
     132     134      -1.00
     132     135      -1.00
     132     136      -1.00
     132     137      -1.00
     132     138      -1.00
     132     139      -1.00
     132     163      -1.00
     132     202      -1.00
     132     203      -1.00
     132     206      -1.00
     132     295      -1.00
     132     296      -1.00
     132     297      -1.00
     132     298      -1.00
     132     299      -1.00
     132     300      -1.00
     132     314      -1.00
     133     133      24.00
     133     134      -1.00
     133     135      -1.00
     133     136      -1.00
     133     137      -1.00
     133     138      -1.00
     133     296      -1.00
     133     297      -1.00
     133     299      -1.00
     133     300      -1.00
     133     309      -1.00
     133     311      -1.00
     133     313      -1.00
     133     314      -1.00
     133     315      -1.00
     133     316      -1.00
     134     134      27.00
     134     135      -1.00
     134     136      -1.00
     134     137      -1.00
     134     138      -1.00
     134     139      -1.00
     134     140      -1.00
     134     161      -1.00
     134     162      -1.00
     134     163      -1.00
     134     296      -1.00
     134     314      -1.00
     134     315      -1.00
     134     316      -1.00
     134     317      -1.00
     135     135      26.00
     135     136      -1.00
     135     137      -1.00
     135     138      -1.00
     135     139      -1.00
     135     140      -1.00
     135     141      -1.00
     135     143      -1.00
     135     144      -1.00
     135     145      -1.00
     135     163      -1.00
     135     199      -1.00
     135     202      -1.00
     135     203      -1.00
     135     206      -1.00
     135     295      -1.00
     135     296      -1.00
     135     297      -1.00
     135     316      -1.00
     136     136      23.00
     136     137      -1.00
     136     138      -1.00
     136     139      -1.00
     136     140      -1.00
     136     141      -1.00
     136     142      -1.00
     136     143      -1.00
     136     295      -1.00
     136     296      -1.00
     136     297      -1.00
     136     298      -1.00
     136     299      -1.00
     136     300      -1.00
     136     314      -1.00
     136     315      -1.00
     136     316      -1.00
     136     317      -1.00
     137     137      23.00
     137     138      -1.00
     137     139      -1.00
     137     140      -1.00
     137     141      -1.00
     137     142      -1.00
     137     143      -1.00
     137     296      -1.00
     137     297      -1.00
     137     314      -1.00
     137     315      -1.00
     137     316      -1.00
     137     317      -1.00
     137     318      -1.00
     138     138      25.00
     138     139      -1.00
     138     140      -1.00
     138     141      -1.00
     138     142      -1.00
     138     143      -1.00
     138     144      -1.00
     138     145      -1.00
     138     163      -1.00
     138     199      -1.00
     138     296      -1.00
     138     316      -1.00
     138     317      -1.00
     138     320      -1.00
     139     139      20.00
     139     140      -1.00
     139     141      -1.00
     139     142      -1.00
     139     143      -1.00
     139     144      -1.00
     139     145      -1.00
     139     199      -1.00
     139     200      -1.00
     139     202      -1.00
     139     295      -1.00
     139     296      -1.00
     139     297      -1.00
     139     316      -1.00
     139     317      -1.00
     140     140      19.00
     140     141      -1.00
     140     142      -1.00
     140     143      -1.00
     140     144      -1.00
     140     199      -1.00
     140     296      -1.00
     140     297      -1.00
     140     315      -1.00
     140     316      -1.00
     140     317      -1.00
     140     318      -1.00
     140     319      -1.00
     140     320      -1.00
     141     141      18.00
     141     142      -1.00
     141     143      -1.00
     141     144      -1.00
     141     316      -1.00
     141     317      -1.00
     141     318      -1.00
     141     319      -1.00
     141     320      -1.00
     141     321      -1.00
     141     322      -1.00
     142     142      15.00
     142     143      -1.00
     142     144      -1.00
     142     145      -1.00
     142     199      -1.00
     142     317      -1.00
     142     319      -1.00
     142     320      -1.00
     142     321      -1.00
     142     322      -1.00
     143     143      17.00
     143     144      -1.00
     143     145      -1.00
     143     146      -1.00
     143     166      -1.00
     143     168      -1.00
     143     199      -1.00
     143     320      -1.00
     143     322      -1.00
     144     144      20.00
     144     145      -1.00
     144     146      -1.00
     144     147      -1.00
     144     148      -1.00
     144     166      -1.00
     144     167      -1.00
     144     168      -1.00
     144     197      -1.00
     144     198      -1.00
     144     199      -1.00
     144     200      -1.00
     144     201      -1.00
     144     202      -1.00
     145     145      20.00
     145     146      -1.00
     145     147      -1.00
     145     148      -1.00
     145     163      -1.00
     145     164      -1.00
     145     165      -1.00
     145     166      -1.00
     145     167      -1.00
     145     168      -1.00
     145     199      -1.00
     145     200      -1.00
     145     201      -1.00
     145     202      -1.00
     145     205      -1.00
     146     146      23.00
     146     147      -1.00
     146     148      -1.00
     146     149      -1.00
     146     165      -1.00
     146     166      -1.00
     146     167      -1.00
     146     168      -1.00
     146     170      -1.00
     146     185      -1.00
     146     186      -1.00
     146     187      -1.00
     146     190      -1.00
     146     197      -1.00
     146     198      -1.00
     146     199      -1.00
     146     200      -1.00
     146     201      -1.00
     146     202      -1.00
     146     203      -1.00
     146     205      -1.00
     147     147      21.00
     147     148      -1.00
     147     149      -1.00
     147     150      -1.00
     147     151      -1.00
     147     152      -1.00
     147     164      -1.00
     147     165      -1.00
     147     166      -1.00
     147     167      -1.00
     147     168      -1.00
     147     170      -1.00
     147     182      -1.00
     147     183      -1.00
     147     185      -1.00
     147     186      -1.00
     147     201      -1.00
     147     202      -1.00
     147     205      -1.00
     148     148      26.00
     148     149      -1.00
     148     150      -1.00
     148     151      -1.00
     148     152      -1.00
     148     153      -1.00
     148     163      -1.00
     148     164      -1.00
     148     165      -1.00
     148     166      -1.00
     148     167      -1.00
     148     182      -1.00
     148     185      -1.00
     148     186      -1.00
     148     201      -1.00
     148     202      -1.00
     148     203      -1.00
     148     204      -1.00
     148     205      -1.00
     148     206      -1.00
     148     208      -1.00
     148     209      -1.00
     149     149      24.00
     149     150      -1.00
     149     151      -1.00
     149     152      -1.00
     149     153      -1.00
     149     163      -1.00
     149     164      -1.00
     149     165      -1.00
     149     181      -1.00
     149     182      -1.00
     149     183      -1.00
     149     184      -1.00
     149     185      -1.00
     149     186      -1.00
     149     202      -1.00
     149     205      -1.00
     149     206      -1.00
     149     208      -1.00
     149     209      -1.00
     150     150      26.00
     150     151      -1.00
     150     152      -1.00
     150     153      -1.00
     150     154      -1.00
     150     155      -1.00
     150     163      -1.00
     150     164      -1.00
     150     181      -1.00
     150     182      -1.00
     150     185      -1.00
     150     205      -1.00
     150     206      -1.00
     150     208      -1.00
     150     209      -1.00
     150     212      -1.00
     150     213      -1.00
     151     151      18.00
     151     152      -1.00
     151     153      -1.00
     151     154      -1.00
     151     155      -1.00
     151     163      -1.00
     151     164      -1.00
     151     165      -1.00
     151     181      -1.00
     151     182      -1.00
     152     152      17.00
     152     153      -1.00
     152     154      -1.00
     152     155      -1.00
     152     162      -1.00
     152     163      -1.00
     152     164      -1.00
     152     165      -1.00
     152     166      -1.00
     152     167      -1.00
     153     153      23.00
     153     154      -1.00
     153     155      -1.00
     153     160      -1.00
     153     161      -1.00
     153     162      -1.00
     153     163      -1.00
     153     164      -1.00
     153     165      -1.00
     154     154      24.00
     154     155      -1.00
     154     156      -1.00
     154     159      -1.00
     154     160      -1.00
     154     161      -1.00
     154     162      -1.00
     154     163      -1.00
     154     164      -1.00
     155     155      23.00
     155     156      -1.00
     155     157      -1.00
     155     158      -1.00
     155     159      -1.00
     155     160      -1.00
     155     161      -1.00
     155     162      -1.00
     155     163      -1.00
     156     156      14.00
     156     157      -1.00
     156     158      -1.00
     156     159      -1.00
     156     160      -1.00
     156     161      -1.00
     156     162      -1.00
     157     157       9.00
     157     158      -1.00
     157     159      -1.00
     157     160      -1.00
     157     161      -1.00
     158     158       6.00
     158     159      -1.00
     158     160      -1.00
     158     161      -1.00
     159     159      14.00
     159     160      -1.00
     159     161      -1.00
     160     160      14.00
     160     161      -1.00
     160     162      -1.00
     161     161      25.00
     161     162      -1.00
     161     163      -1.00
     161     164      -1.00
     162     162      22.00
     162     163      -1.00
     162     164      -1.00
     163     163      27.00
     163     164      -1.00
     163     165      -1.00
     163     166      -1.00
     164     164      21.00
     164     165      -1.00
     164     166      -1.00
     164     167      -1.00
     165     165      16.00
     165     166      -1.00
     165     167      -1.00
     165     168      -1.00
     166     166      19.00
     166     167      -1.00
     166     168      -1.00
     166     169      -1.00
     166     170      -1.00
     167     167      15.00
     167     168      -1.00
     167     169      -1.00
     167     170      -1.00
     167     171      -1.00
     167     172      -1.00
     168     168      15.00
     168     169      -1.00
     168     170      -1.00
     168     171      -1.00
     169     169      14.00
     169     170      -1.00
     169     171      -1.00
     169     172      -1.00
     170     170      10.00
     170     171      -1.00
     170     172      -1.00
     170     173      -1.00
     171     171       8.00
     171     172      -1.00
     171     173      -1.00
     171     174      -1.00
     171     175      -1.00
     172     172      11.00
     172     173      -1.00
     172     174      -1.00
     172     175      -1.00
     172     176      -1.00
     172     177      -1.00
     172     182      -1.00
     172     183      -1.00
     173     173       7.00
     173     174      -1.00
     173     175      -1.00
     173     176      -1.00
     173     177      -1.00
     174     174       7.00
     174     175      -1.00
     174     176      -1.00
     174     177      -1.00
     174     178      -1.00
     175     175      11.00
     175     176      -1.00
     175     177      -1.00
     175     178      -1.00
     175     180      -1.00
     175     181      -1.00
     175     182      -1.00
     175     183      -1.00
     176     176      16.00
     176     177      -1.00
     176     178      -1.00
     176     179      -1.00
     176     180      -1.00
     176     181      -1.00
     176     182      -1.00
     176     183      -1.00
     176     184      -1.00
     176     186      -1.00
     176     191      -1.00
     176     224      -1.00
     176     225      -1.00
     177     177      14.00
     177     178      -1.00
     177     179      -1.00
     177     180      -1.00
     177     181      -1.00
     177     182      -1.00
     177     183      -1.00
     177     223      -1.00
     177     224      -1.00
     177     225      -1.00
     178     178      16.00
     178     179      -1.00
     178     180      -1.00
     178     181      -1.00
     178     183      -1.00
     178     221      -1.00
     178     222      -1.00
     178     223      -1.00
     178     224      -1.00
     178     225      -1.00
     178     226      -1.00
     178     227      -1.00
     178     228      -1.00
     179     179      15.00
     179     180      -1.00
     179     181      -1.00
     179     182      -1.00
     179     183      -1.00
     179     184      -1.00
     179     221      -1.00
     179     222      -1.00
     179     223      -1.00
     179     224      -1.00
     179     225      -1.00
     179     227      -1.00
     179     228      -1.00
     180     180      14.00
     180     181      -1.00
     180     182      -1.00
     180     183      -1.00
     180     184      -1.00
     180     221      -1.00
     180     222      -1.00
     180     223      -1.00
     180     224      -1.00
     180     225      -1.00
     181     181      19.00
     181     182      -1.00
     181     183      -1.00
     181     184      -1.00
     181     185      -1.00
     181     186      -1.00
     181     218      -1.00
     181     220      -1.00
     181     221      -1.00
     181     222      -1.00
     181     223      -1.00
     182     182      17.00
     182     183      -1.00
     182     184      -1.00
     182     185      -1.00
     182     186      -1.00
     182     221      -1.00
     183     183      25.00
     183     184      -1.00
     183     185      -1.00
     183     186      -1.00
     183     187      -1.00
     183     188      -1.00
     183     190      -1.00
     183     191      -1.00
     183     220      -1.00
     183     221      -1.00
     183     222      -1.00
     183     223      -1.00
     183     224      -1.00
     183     225      -1.00
     183     228      -1.00
     184     184      26.00
     184     185      -1.00
     184     186      -1.00
     184     187      -1.00
     184     188      -1.00
     184     191      -1.00
     184     205      -1.00
     184     208      -1.00
     184     209      -1.00
     184     218      -1.00
     184     219      -1.00
     184     220      -1.00
     184     221      -1.00
     184     222      -1.00
     184     223      -1.00
     184     224      -1.00
     184     225      -1.00
     184     228      -1.00
     184     229      -1.00
     184     232      -1.00
     185     185      25.00
     185     186      -1.00
     185     187      -1.00
     185     188      -1.00
     185     191      -1.00
     185     201      -1.00
     185     202      -1.00
     185     204      -1.00
     185     205      -1.00
     185     206      -1.00
     185     207      -1.00
     185     208      -1.00
     185     209      -1.00
     185     218      -1.00
     185     219      -1.00
     185     220      -1.00
     185     221      -1.00
     186     186      25.00
     186     187      -1.00
     186     188      -1.00
     186     189      -1.00
     186     190      -1.00
     186     191      -1.00
     186     192      -1.00
     186     201      -1.00
     186     202      -1.00
     186     203      -1.00
     186     204      -1.00
     186     205      -1.00
     186     206      -1.00
     186     208      -1.00
     186     220      -1.00
     186     228      -1.00
     187     187      26.00
     187     188      -1.00
     187     189      -1.00
     187     190      -1.00
     187     191      -1.00
     187     192      -1.00
     187     193      -1.00
     187     197      -1.00
     187     200      -1.00
     187     201      -1.00
     187     202      -1.00
     187     203      -1.00
     187     204      -1.00
     187     205      -1.00
     187     208      -1.00
     187     229      -1.00
     187     232      -1.00
     187     286      -1.00
     187     287      -1.00
     187     288      -1.00
     187     289      -1.00
     187     290      -1.00
     188     188      22.00
     188     189      -1.00
     188     190      -1.00
     188     191      -1.00
     188     192      -1.00
     188     193      -1.00
     188     194      -1.00
     188     201      -1.00
     188     204      -1.00
     188     225      -1.00
     188     226      -1.00
     188     228      -1.00
     188     229      -1.00
     188     232      -1.00
     188     233      -1.00
     188     288      -1.00
     188     289      -1.00
     188     290      -1.00
     189     189      18.00
     189     190      -1.00
     189     191      -1.00
     189     192      -1.00
     189     193      -1.00
     189     194      -1.00
     189     195      -1.00
     189     196      -1.00
     189     197      -1.00
     189     198      -1.00
     189     201      -1.00
     189     229      -1.00
     189     247      -1.00
     189     288      -1.00
     189     289      -1.00
     189     290      -1.00
     190     190      15.00
     190     191      -1.00
     190     192      -1.00
     190     193      -1.00
     190     194      -1.00
     190     195      -1.00
     190     196      -1.00
     190     197      -1.00
     190     198      -1.00
     190     201      -1.00
     191     191      17.00
     191     192      -1.00
     191     193      -1.00
     191     194      -1.00
     191     201      -1.00
     191     225      -1.00
     191     226      -1.00
     191     228      -1.00
     191     229      -1.00
     192     192      13.00
     192     193      -1.00
     192     194      -1.00
     192     195      -1.00
     192     225      -1.00
     192     226      -1.00
     192     229      -1.00
     192     252      -1.00
     193     193      14.00
     193     194      -1.00
     193     195      -1.00
     193     196      -1.00
     193     197      -1.00
     193     247      -1.00
     193     248      -1.00
     193     249      -1.00
     193     252      -1.00
     194     194      18.00
     194     195      -1.00
     194     196      -1.00
     194     197      -1.00
     194     244      -1.00
     194     246      -1.00
     194     247      -1.00
     194     248      -1.00
     194     249      -1.00
     194     250      -1.00
     194     251      -1.00
     194     252      -1.00
     194     253      -1.00
     195     195      12.00
     195     196      -1.00
     195     197      -1.00
     195     198      -1.00
     195     246      -1.00
     195     247      -1.00
     195     248      -1.00
     195     249      -1.00
     196     196      10.00
     196     197      -1.00
     196     198      -1.00
     196     246      -1.00
     196     247      -1.00
     196     248      -1.00
     197     197      15.00
     197     198      -1.00
     197     199      -1.00
     197     200      -1.00
     197     201      -1.00
     197     290      -1.00
     197     291      -1.00
     198     198      14.00
     198     199      -1.00
     198     200      -1.00
     198     201      -1.00
     198     202      -1.00
     198     203      -1.00
     198     290      -1.00
     198     291      -1.00
     199     199      21.00
     199     200      -1.00
     199     201      -1.00
     199     202      -1.00
     199     203      -1.00
     199     204      -1.00
     199     290      -1.00
     199     291      -1.00
     199     293      -1.00
     199     295      -1.00
     199     296      -1.00
     200     200      25.00
     200     201      -1.00
     200     202      -1.00
     200     203      -1.00
     200     204      -1.00
     200     205      -1.00
     200     206      -1.00
     200     285      -1.00
     200     286      -1.00
     200     287      -1.00
     200     289      -1.00
     200     290      -1.00
     200     291      -1.00
     200     292      -1.00
     200     293      -1.00
     200     294      -1.00
     200     295      -1.00
     200     296      -1.00
     201     201      25.00
     201     202      -1.00
     201     203      -1.00
     201     204      -1.00
     201     205      -1.00
     201     206      -1.00
     201     285      -1.00
     201     286      -1.00
     201     290      -1.00
     201     293      -1.00
     202     202      25.00
     202     203      -1.00
     202     204      -1.00
     202     205      -1.00
     202     206      -1.00
     202     207      -1.00
     202     208      -1.00
     202     285      -1.00
     202     295      -1.00
     202     296      -1.00
     203     203      29.00
     203     204      -1.00
     203     205      -1.00
     203     206      -1.00
     203     207      -1.00
     203     208      -1.00
     203     209      -1.00
     203     282      -1.00
     203     284      -1.00
     203     285      -1.00
     203     286      -1.00
     203     287      -1.00
     203     290      -1.00
     203     293      -1.00
     203     294      -1.00
     203     295      -1.00
     203     296      -1.00
     203     299      -1.00
     204     204      25.00
     204     205      -1.00
     204     206      -1.00
     204     207      -1.00
     204     208      -1.00
     204     209      -1.00
     204     210      -1.00
     204     282      -1.00
     204     284      -1.00
     204     285      -1.00
     204     286      -1.00
     204     287      -1.00
     204     288      -1.00
     204     290      -1.00
     204     293      -1.00
     204     294      -1.00
     205     205      23.00
     205     206      -1.00
     205     207      -1.00
     205     208      -1.00
     205     209      -1.00
     205     210      -1.00
     205     211      -1.00
     205     285      -1.00
     205     286      -1.00
     206     206      25.00
     206     207      -1.00
     206     208      -1.00
     206     209      -1.00
     206     210      -1.00
     206     211      -1.00
     206     212      -1.00
     206     282      -1.00
     206     285      -1.00
     206     286      -1.00
     206     296      -1.00
     207     207      21.00
     207     208      -1.00
     207     209      -1.00
     207     210      -1.00
     207     211      -1.00
     207     212      -1.00
     207     213      -1.00
     207     219      -1.00
     207     281      -1.00
     207     282      -1.00
     207     283      -1.00
     207     284      -1.00
     207     285      -1.00
     207     286      -1.00
     207     287      -1.00
     208     208      25.00
     208     209      -1.00
     208     210      -1.00
     208     211      -1.00
     208     212      -1.00
     208     213      -1.00
     208     217      -1.00
     208     218      -1.00
     208     219      -1.00
     208     220      -1.00
     208     282      -1.00
     208     285      -1.00
     208     286      -1.00
     209     209      26.00
     209     210      -1.00
     209     211      -1.00
     209     212      -1.00
     209     213      -1.00
     209     214      -1.00
     209     216      -1.00
     209     217      -1.00
     209     218      -1.00
     209     219      -1.00
     210     210      22.00
     210     211      -1.00
     210     212      -1.00
     210     213      -1.00
     210     214      -1.00
     210     215      -1.00
     210     216      -1.00
     210     218      -1.00
     210     219      -1.00
     210     278      -1.00
     210     281      -1.00
     210     282      -1.00
     210     285      -1.00
     211     211      24.00
     211     212      -1.00
     211     213      -1.00
     211     214      -1.00
     211     215      -1.00
     211     216      -1.00
     211     217      -1.00
     211     218      -1.00
     211     219      -1.00
     211     220      -1.00
     211     270      -1.00
     211     271      -1.00
     211     274      -1.00
     211     278      -1.00
     211     279      -1.00
     211     282      -1.00
     211     286      -1.00
     212     212      22.00
     212     213      -1.00
     212     214      -1.00
     212     215      -1.00
     212     216      -1.00
     212     217      -1.00
     212     218      -1.00
     212     219      -1.00
     212     220      -1.00
     212     271      -1.00
     213     213      28.00
     213     214      -1.00
     213     215      -1.00
     213     216      -1.00
     213     217      -1.00
     213     218      -1.00
     213     219      -1.00
     214     214      23.00
     214     215      -1.00
     214     216      -1.00
     214     217      -1.00
     214     271      -1.00
     214     272      -1.00
     214     273      -1.00
     214     274      -1.00
     214     275      -1.00
     214     278      -1.00
     214     279      -1.00
     215     215      18.00
     215     216      -1.00
     215     217      -1.00
     215     218      -1.00
     215     219      -1.00
     215     270      -1.00
     215     271      -1.00
     215     272      -1.00
     215     273      -1.00
     215     274      -1.00
     216     216      16.00
     216     217      -1.00
     216     218      -1.00
     216     219      -1.00
     217     217      16.00
     217     218      -1.00
     217     219      -1.00
     217     220      -1.00
     217     221      -1.00
     218     218      16.00
     218     219      -1.00
     218     220      -1.00
     218     221      -1.00
     218     222      -1.00
     219     219      20.00
     219     220      -1.00
     219     221      -1.00
     219     222      -1.00
     219     228      -1.00
     219     231      -1.00
     219     232      -1.00
     219     235      -1.00
     220     220      21.00
     220     221      -1.00
     220     222      -1.00
     220     223      -1.00
     220     227      -1.00
     220     228      -1.00
     220     229      -1.00
     220     230      -1.00
     220     231      -1.00
     220     232      -1.00
     220     235      -1.00
     221     221      19.00
     221     222      -1.00
     221     223      -1.00
     221     224      -1.00
     221     227      -1.00
     221     228      -1.00
     221     231      -1.00
     221     232      -1.00
     222     222      20.00
     222     223      -1.00
     222     224      -1.00
     222     225      -1.00
     222     226      -1.00
     222     227      -1.00
     222     228      -1.00
     222     229      -1.00
     222     230      -1.00
     222     231      -1.00
     222     232      -1.00
     223     223      15.00
     223     224      -1.00
     223     225      -1.00
     223     226      -1.00
     223     227      -1.00
     223     228      -1.00
     224     224      15.00
     224     225      -1.00
     224     226      -1.00
     224     227      -1.00
     224     228      -1.00
     224     229      -1.00
     225     225      19.00
     225     226      -1.00
     225     227      -1.00
     225     228      -1.00
     225     229      -1.00
     225     230      -1.00
     225     231      -1.00
     226     226      14.00
     226     227      -1.00
     226     228      -1.00
     226     229      -1.00
     226     230      -1.00
     226     231      -1.00
     226     232      -1.00
     227     227      14.00
     227     228      -1.00
     227     229      -1.00
     227     230      -1.00
     227     231      -1.00
     227     232      -1.00
     228     228      22.00
     228     229      -1.00
     228     230      -1.00
     228     231      -1.00
     228     232      -1.00
     228     233      -1.00
     228     234      -1.00
     229     229      20.00
     229     230      -1.00
     229     231      -1.00
     229     232      -1.00
     229     233      -1.00
     229     234      -1.00
     229     238      -1.00
     229     256      -1.00
     230     230      16.00
     230     231      -1.00
     230     232      -1.00
     230     233      -1.00
     230     234      -1.00
     230     235      -1.00
     230     236      -1.00
     230     237      -1.00
     230     238      -1.00
     230     259      -1.00
     231     231      16.00
     231     232      -1.00
     231     233      -1.00
     231     234      -1.00
     231     235      -1.00
     231     236      -1.00
     231     237      -1.00
     232     232      21.00
     232     233      -1.00
     232     234      -1.00
     232     235      -1.00
     232     236      -1.00
     232     237      -1.00
     232     238      -1.00
     232     286      -1.00
     232     288      -1.00
     233     233      19.00
     233     234      -1.00
     233     235      -1.00
     233     236      -1.00
     233     237      -1.00
     233     238      -1.00
     233     239      -1.00
     233     259      -1.00
     233     261      -1.00
     233     262      -1.00
     233     263      -1.00
     233     264      -1.00
     233     265      -1.00
     233     288      -1.00
     234     234      15.00
     234     235      -1.00
     234     236      -1.00
     234     237      -1.00
     234     238      -1.00
     234     261      -1.00
     234     262      -1.00
     234     263      -1.00
     234     264      -1.00
     234     265      -1.00
     235     235      18.00
     235     236      -1.00
     235     237      -1.00
     235     238      -1.00
     235     262      -1.00
     235     263      -1.00
     235     264      -1.00
     235     265      -1.00
     235     266      -1.00
     235     267      -1.00
     235     270      -1.00
     235     286      -1.00
     236     236      19.00
     236     237      -1.00
     236     238      -1.00
     236     239      -1.00
     236     262      -1.00
     236     263      -1.00
     236     264      -1.00
     236     265      -1.00
     236     266      -1.00
     236     267      -1.00
     236     283      -1.00
     236     286      -1.00
     236     287      -1.00
     236     288      -1.00
     237     237      17.00
     237     238      -1.00
     237     239      -1.00
     237     240      -1.00
     237     261      -1.00
     237     262      -1.00
     237     263      -1.00
     237     264      -1.00
     237     265      -1.00
     237     287      -1.00
     237     288      -1.00
     238     238      22.00
     238     239      -1.00
     238     240      -1.00
     238     241      -1.00
     238     243      -1.00
     238     244      -1.00
     238     256      -1.00
     238     257      -1.00
     238     259      -1.00
     238     260      -1.00
     238     261      -1.00
     238     262      -1.00
     238     263      -1.00
     238     264      -1.00
     238     288      -1.00
     239     239      20.00
     239     240      -1.00
     239     241      -1.00
     239     242      -1.00
     239     243      -1.00
     239     244      -1.00
     239     245      -1.00
     239     253      -1.00
     239     256      -1.00
     239     257      -1.00
     239     259      -1.00
     239     261      -1.00
     239     262      -1.00
     239     263      -1.00
     239     264      -1.00
     239     288      -1.00
     239     289      -1.00
     240     240      14.00
     240     241      -1.00
     240     242      -1.00
     240     243      -1.00
     240     244      -1.00
     240     245      -1.00
     240     256      -1.00
     240     257      -1.00
     240     261      -1.00
     240     262      -1.00
     240     288      -1.00
     240     289      -1.00
     241     241      10.00
     241     242      -1.00
     241     243      -1.00
     241     244      -1.00
     241     245      -1.00
     241     246      -1.00
     241     253      -1.00
     241     257      -1.00
     242     242       9.00
     242     243      -1.00
     242     244      -1.00
     242     245      -1.00
     242     246      -1.00
     242     247      -1.00
     242     289      -1.00
     243     243      14.00
     243     244      -1.00
     243     245      -1.00
     243     246      -1.00
     243     247      -1.00
     243     253      -1.00
     243     288      -1.00
     243     289      -1.00
     243     290      -1.00
     243     291      -1.00
     244     244      19.00
     244     245      -1.00
     244     246      -1.00
     244     247      -1.00
     244     248      -1.00
     244     249      -1.00
     244     250      -1.00
     244     252      -1.00
     244     253      -1.00
     244     254      -1.00
     244     256      -1.00
     244     257      -1.00
     244     289      -1.00
     245     245      11.00
     245     246      -1.00
     245     247      -1.00
     245     248      -1.00
     245     249      -1.00
     245     253      -1.00
     246     246      14.00
     246     247      -1.00
     246     248      -1.00
     246     249      -1.00
     246     253      -1.00
     246     289      -1.00
     246     291      -1.00
     247     247      16.00
     247     248      -1.00
     247     249      -1.00
     247     250      -1.00
     247     251      -1.00
     247     252      -1.00
     247     253      -1.00
     248     248      13.00
     248     249      -1.00
     248     250      -1.00
     248     251      -1.00
     248     252      -1.00
     248     253      -1.00
     249     249      14.00
     249     250      -1.00
     249     251      -1.00
     249     252      -1.00
     249     253      -1.00
     249     254      -1.00
     249     255      -1.00
     250     250      11.00
     250     251      -1.00
     250     252      -1.00
     250     253      -1.00
     250     254      -1.00
     250     255      -1.00
     250     256      -1.00
     251     251      11.00
     251     252      -1.00
     251     253      -1.00
     251     254      -1.00
     251     255      -1.00
     251     256      -1.00
     251     257      -1.00
     252     252      15.00
     252     253      -1.00
     252     254      -1.00
     252     255      -1.00
     252     256      -1.00
     252     257      -1.00
     252     258      -1.00
     253     253      18.00
     253     254      -1.00
     253     255      -1.00
     253     256      -1.00
     253     257      -1.00
     253     258      -1.00
     254     254      11.00
     254     255      -1.00
     254     256      -1.00
     254     257      -1.00
     254     258      -1.00
     254     259      -1.00
     255     255      10.00
     255     256      -1.00
     255     257      -1.00
     255     258      -1.00
     255     259      -1.00
     256     256      16.00
     256     257      -1.00
     256     258      -1.00
     256     259      -1.00
     256     260      -1.00
     256     261      -1.00
     257     257      15.00
     257     258      -1.00
     257     259      -1.00
     257     260      -1.00
     257     261      -1.00
     258     258       9.00
     258     259      -1.00
     258     260      -1.00
     258     261      -1.00
     259     259      12.00
     259     260      -1.00
     259     261      -1.00
     259     262      -1.00
     260     260       7.00
     260     261      -1.00
     260     262      -1.00
     261     261      13.00
     261     262      -1.00
     261     263      -1.00
     262     262      14.00
     262     263      -1.00
     262     264      -1.00
     262     265      -1.00
     263     263      12.00
     263     264      -1.00
     263     265      -1.00
     263     266      -1.00
     264     264      15.00
     264     265      -1.00
     264     266      -1.00
     264     267      -1.00
     264     283      -1.00
     264     287      -1.00
     264     288      -1.00
     265     265      14.00
     265     266      -1.00
     265     267      -1.00
     265     268      -1.00
     265     269      -1.00
     265     270      -1.00
     265     283      -1.00
     266     266      12.00
     266     267      -1.00
     266     268      -1.00
     266     269      -1.00
     266     270      -1.00
     266     271      -1.00
     266     279      -1.00
     266     283      -1.00
     267     267      17.00
     267     268      -1.00
     267     269      -1.00
     267     270      -1.00
     267     271      -1.00
     267     272      -1.00
     267     274      -1.00
     267     276      -1.00
     267     278      -1.00
     267     279      -1.00
     267     280      -1.00
     267     282      -1.00
     267     283      -1.00
     268     268      15.00
     268     269      -1.00
     268     270      -1.00
     268     271      -1.00
     268     272      -1.00
     268     273      -1.00
     268     274      -1.00
     268     275      -1.00
     268     276      -1.00
     268     278      -1.00
     268     279      -1.00
     268     280      -1.00
     268     283      -1.00
     269     269      10.00
     269     270      -1.00
     269     271      -1.00
     269     272      -1.00
     269     273      -1.00
     269     274      -1.00
     269     279      -1.00
     270     270      13.00
     270     271      -1.00
     270     272      -1.00
     270     273      -1.00
     270     274      -1.00
     270     279      -1.00
     271     271      17.00
     271     272      -1.00
     271     273      -1.00
     271     274      -1.00
     271     275      -1.00
     271     276      -1.00
     271     278      -1.00
     271     279      -1.00
     271     282      -1.00
     272     272      12.00
     272     273      -1.00
     272     274      -1.00
     272     275      -1.00
     272     276      -1.00
     272     279      -1.00
     273     273      11.00
     273     274      -1.00
     273     275      -1.00
     273     276      -1.00
     273     279      -1.00
     274     274      17.00
     274     275      -1.00
     274     276      -1.00
     274     277      -1.00
     274     278      -1.00
     274     279      -1.00
     275     275      13.00
     275     276      -1.00
     275     277      -1.00
     275     278      -1.00
     275     279      -1.00
     275     280      -1.00
     275     304      -1.00
     276     276      14.00
     276     277      -1.00
     276     278      -1.00
     276     279      -1.00
     276     280      -1.00
     276     281      -1.00
     276     282      -1.00
     276     304      -1.00
     277     277      13.00
     277     278      -1.00
     277     279      -1.00
     277     280      -1.00
     277     281      -1.00
     277     282      -1.00
     277     283      -1.00
     277     302      -1.00
     277     303      -1.00
     277     304      -1.00
     277     305      -1.00
     278     278      22.00
     278     279      -1.00
     278     280      -1.00
     278     281      -1.00
     278     282      -1.00
     278     283      -1.00
     278     302      -1.00
     278     303      -1.00
     278     304      -1.00
     278     305      -1.00
     279     279      21.00
     279     280      -1.00
     279     281      -1.00
     279     282      -1.00
     279     283      -1.00
     279     284      -1.00
     279     304      -1.00
     280     280      15.00
     280     281      -1.00
     280     282      -1.00
     280     283      -1.00
     280     284      -1.00
     280     285      -1.00
     280     302      -1.00
     280     303      -1.00
     280     304      -1.00
     281     281      17.00
     281     282      -1.00
     281     283      -1.00
     281     284      -1.00
     281     285      -1.00
     281     286      -1.00
     281     294      -1.00
     281     299      -1.00
     281     302      -1.00
     281     303      -1.00
     281     304      -1.00
     282     282      21.00
     282     283      -1.00
     282     284      -1.00
     282     285      -1.00
     282     286      -1.00
     282     287      -1.00
     282     294      -1.00
     283     283      19.00
     283     284      -1.00
     283     285      -1.00
     283     286      -1.00
     283     287      -1.00
     283     293      -1.00
     283     294      -1.00
     284     284      17.00
     284     285      -1.00
     284     286      -1.00
     284     287      -1.00
     284     288      -1.00
     284     292      -1.00
     284     293      -1.00
     284     294      -1.00
     284     295      -1.00
     284     299      -1.00
     285     285      25.00
     285     286      -1.00
     285     287      -1.00
     285     288      -1.00
     285     290      -1.00
     285     292      -1.00
     285     293      -1.00
     285     294      -1.00
     285     295      -1.00
     285     296      -1.00
     285     299      -1.00
     286     286      25.00
     286     287      -1.00
     286     288      -1.00
     286     289      -1.00
     286     290      -1.00
     286     292      -1.00
     286     293      -1.00
     286     294      -1.00
     287     287      20.00
     287     288      -1.00
     287     289      -1.00
     287     290      -1.00
     287     291      -1.00
     287     292      -1.00
     287     293      -1.00
     287     294      -1.00
     288     288      22.00
     288     289      -1.00
     288     290      -1.00
     288     291      -1.00
     288     292      -1.00
     288     293      -1.00
     289     289      17.00
     289     290      -1.00
     289     291      -1.00
     289     292      -1.00
     289     293      -1.00
     290     290      20.00
     290     291      -1.00
     290     292      -1.00
     290     293      -1.00
     290     294      -1.00
     291     291      14.00
     291     292      -1.00
     291     293      -1.00
     291     294      -1.00
     291     295      -1.00
     292     292      12.00
     292     293      -1.00
     292     294      -1.00
     292     295      -1.00
     293     293      20.00
     293     294      -1.00
     293     295      -1.00
     293     296      -1.00
     293     298      -1.00
     293     299      -1.00
     294     294      21.00
     294     295      -1.00
     294     296      -1.00
     294     297      -1.00
     294     298      -1.00
     294     299      -1.00
     294     300      -1.00
     294     302      -1.00
     295     295      19.00
     295     296      -1.00
     295     297      -1.00
     295     298      -1.00
     295     299      -1.00
     295     300      -1.00
     296     296      26.00
     296     297      -1.00
     296     298      -1.00
     296     299      -1.00
     296     300      -1.00
     296     301      -1.00
     296     302      -1.00
     297     297      18.00
     297     298      -1.00
     297     299      -1.00
     297     300      -1.00
     297     301      -1.00
     297     302      -1.00
     297     311      -1.00
     297     314      -1.00
     297     316      -1.00
     298     298      11.00
     298     299      -1.00
     298     300      -1.00
     298     301      -1.00
     298     302      -1.00
     299     299      22.00
     299     300      -1.00
     299     301      -1.00
     299     302      -1.00
     299     303      -1.00
     299     304      -1.00
     299     305      -1.00
     299     309      -1.00
     300     300      24.00
     300     301      -1.00
     300     302      -1.00
     300     303      -1.00
     300     304      -1.00
     300     305      -1.00
     300     306      -1.00
     300     308      -1.00
     300     309      -1.00
     300     310      -1.00
     300     311      -1.00
     300     314      -1.00
     301     301      15.00
     301     302      -1.00
     301     303      -1.00
     301     304      -1.00
     301     305      -1.00
     301     306      -1.00
     301     308      -1.00
     301     309      -1.00
     301     310      -1.00
     301     311      -1.00
     302     302      17.00
     302     303      -1.00
     302     304      -1.00
     302     305      -1.00
     302     306      -1.00
     302     309      -1.00
     303     303      14.00
     303     304      -1.00
     303     305      -1.00
     303     306      -1.00
     303     307      -1.00
     303     308      -1.00
     303     309      -1.00
     304     304      24.00
     304     305      -1.00
     304     306      -1.00
     304     307      -1.00
     304     308      -1.00
     304     309      -1.00
     305     305      19.00
     305     306      -1.00
     305     307      -1.00
     305     308      -1.00
     305     309      -1.00
     305     310      -1.00
     306     306      12.00
     306     307      -1.00
     306     308      -1.00
     306     309      -1.00
     306     310      -1.00
     307     307      11.00
     307     308      -1.00
     307     309      -1.00
     307     310      -1.00
     308     308      15.00
     308     309      -1.00
     308     310      -1.00
     308     311      -1.00
     308     313      -1.00
     309     309      17.00
     309     310      -1.00
     309     311      -1.00
     309     312      -1.00
     309     313      -1.00
     309     314      -1.00
     310     310      11.00
     310     311      -1.00
     310     312      -1.00
     310     313      -1.00
     310     314      -1.00
     311     311      11.00
     311     312      -1.00
     311     313      -1.00
     311     314      -1.00
     311     315      -1.00
     312     312       6.00
     312     313      -1.00
     312     314      -1.00
     312     315      -1.00
     313     313       9.00
     313     314      -1.00
     313     315      -1.00
     313     316      -1.00
     314     314      17.00
     314     315      -1.00
     314     316      -1.00
     315     315      15.00
     315     316      -1.00
     315     317      -1.00
     315     318      -1.00
     316     316      18.00
     316     317      -1.00
     316     318      -1.00
     316     319      -1.00
     317     317      17.00
     317     318      -1.00
     317     319      -1.00
     317     320      -1.00
     318     318      12.00
     318     319      -1.00
     318     320      -1.00
     318     321      -1.00
     319     319      10.00
     319     320      -1.00
     319     321      -1.00
     319     322      -1.00
     320     320      15.00
     320     321      -1.00
     320     322      -1.00
     320     323      -1.00
     321     321      11.00
     321     322      -1.00
     321     323      -1.00
     321     324      -1.00
     321     325      -1.00
     322     322      14.00
     322     323      -1.00
     322     324      -1.00
     322     325      -1.00
     322     326      -1.00
     322     327      -1.00
     323     323       7.00
     323     324      -1.00
     323     325      -1.00
     323     326      -1.00
     323     327      -1.00
     324     324      12.00
     324     325      -1.00
     324     326      -1.00
     324     327      -1.00
     324     328      -1.00
     324     329      -1.00
     324     334      -1.00
     325     325      10.00
     325     326      -1.00
     325     327      -1.00
     325     328      -1.00
     326     326       7.00
     326     327      -1.00
     326     328      -1.00
     326     329      -1.00
     327     327      10.00
     327     328      -1.00
     327     329      -1.00
     327     330      -1.00
     327     334      -1.00
     328     328      11.00
     328     329      -1.00
     328     330      -1.00
     328     331      -1.00
     328     333      -1.00
     328     334      -1.00
     329     329      13.00
     329     330      -1.00
     329     331      -1.00
     329     332      -1.00
     329     333      -1.00
     329     334      -1.00
     329     335      -1.00
     330     330      14.00
     330     331      -1.00
     330     332      -1.00
     330     333      -1.00
     330     334      -1.00
     330     335      -1.00
     330     336      -1.00
     331     331      17.00
     331     332      -1.00
     331     333      -1.00
     331     334      -1.00
     331     335      -1.00
     331     336      -1.00
     331     337      -1.00
     332     332      14.00
     332     333      -1.00
     332     334      -1.00
     332     335      -1.00
     332     336      -1.00
     332     337      -1.00
     332     338      -1.00
     333     333      14.00
     333     334      -1.00
     333     335      -1.00
     333     336      -1.00
     333     337      -1.00
     333     338      -1.00
     333     339      -1.00
     334     334      24.00
     334     335      -1.00
     334     336      -1.00
     334     337      -1.00
     334     338      -1.00
     334     339      -1.00
     335     335      23.00
     335     336      -1.00
     335     337      -1.00
     335     338      -1.00
     335     339      -1.00
     335     340      -1.00
     335     341      -1.00
     336     336      17.00
     336     337      -1.00
     336     338      -1.00
     336     339      -1.00
     336     340      -1.00
     336     341      -1.00
     336     342      -1.00
     337     337      15.00
     337     338      -1.00
     337     339      -1.00
     337     340      -1.00
     337     341      -1.00
     337     342      -1.00
     337     343      -1.00
     338     338      25.00
     338     339      -1.00
     338     340      -1.00
     338     341      -1.00
     338     342      -1.00
     338     343      -1.00
     338     344      -1.00
     339     339      21.00
     339     340      -1.00
     339     341      -1.00
     339     342      -1.00
     339     343      -1.00
     339     344      -1.00
     340     340      11.00
     340     341      -1.00
     340     342      -1.00
     340     343      -1.00
     340     344      -1.00
     340     345      -1.00
     341     341      17.00
     341     342      -1.00
     341     343      -1.00
     341     344      -1.00
     341     345      -1.00
     341     346      -1.00
     342     342      21.00
     342     343      -1.00
     342     344      -1.00
     342     345      -1.00
     342     346      -1.00
     343     343      16.00
     343     344      -1.00
     343     345      -1.00
     343     346      -1.00
     344     344      10.00
     344     345      -1.00
     344     346      -1.00
     344     347      -1.00
     345     345      15.00
     345     346      -1.00
     345     347      -1.00
     345     348      -1.00
     346     346      13.00
     346     347      -1.00
     346     348      -1.00
     346     349      -1.00
     347     347      10.00
     347     348      -1.00
     347     349      -1.00
     348     348      11.00
     348     349      -1.00
     348     350      -1.00
     349     349       7.00
     349     350      -1.00
     349     351      -1.00
     350     350       4.00
     350     351      -1.00
     351     351       2.00
